Cherkasy:683.000000:299.000000
Chernihiv:628.000000:89.000000
Chernivtsi:277.000000:409.000000
Dnipro:880.000000:391.000000
Donetsk:1059.000000:440.000000
Ivano-Frankivsk:195.000000:348.000000
Kharkiv:962.000000:235.000000
Kherson:720.000000:565.000000
Khmelnytskyi:349.000000:303.000000
Kropyvnytskyi:693.000000:393.000000
Kyiv:583.000000:199.000000
Luhansk:1167.000000:381.000000
Lutsk:231.000000:161.000000
Lviv:146.000000:256.000000
Mykolaiv:679.000000:542.000000
Odesa:592.000000:595.000000
Poltava:844.000000:279.000000
Rivne:300.000000:178.000000
Sumy:863.000000:153.000000
Ternopil:250.000000:282.000000
Uzhhorod:37.000000:378.000000
Vinnytsia:454.000000:314.000000
Zaporizhzhia:887.000000:447.000000
Zhytomyr:462.000000:214.000000
Simferopol:819.000000:745.000000